Suche Eulertour f├╝r Instanz 5
Folgende Eulertour wurde gefunden:
0
108
110
104
1
209
115
147
107
241
137
100
134
113
135
34
108
141
1
243
143
108
150
104
111
142
141
121
112
106
15
214
165
110
172
14
176
167
114
106
258
107
284
162
10
156
132
108
154
116
100
161
136
109
149
118
297
13
0
163
202
150
115
170
252
108
208
107
294
130
24
219
139
125
106
276
18
116
226
144
134
127
122
203
202
341
120
119
103
22
142
128
260
10
162
142
178
271
198
102
207
158
238
101
211
123
212
154
106
301
140
104
205
12
189
137
199
162
121
238
120
109
201
143
358
15
243
17
117
115
246
131
23
142
21
114
308
16
116
335
103
350
132
236
171
145
111
340
204
257
18
22
220
172
114
346
210
181
194
151
139
1
302
125
237
191
117
198
176
216
127
106
310
100
175
138
206
14
186
182
147
11
108
2
151
294
130
371
118
304
105
190
147
278
110
213
12
332
155
113
185
200
13
107
306
1
327
120
118
320
150
160
267
131
259
134
249
172
174
20
146
183
100
432
21
14
225
144
102
56
371
209
198
164
393
175
142
314
157
131
425
152
21
198
230
104
442
107
336
165
106
5
151
384
1
37
13
192
116
351
265
140
1
391
10
166
134
322
24
141
206
100
487
304
186
144
169
287
157
286
172
319
238
123
221
166
28
275
126
213
188
112
108
326
133
245
149
115
331
117
292
235
0
373
179
113
92
259
14
347
243
192
301
23
198
266
121
26
139
138
263
304
122
321
267
213
215
194
13
272
269
11
242
140
454
173
352
148
480
243
197
183
163
225
127
193
186
162
16
146
238
105
239
105
4
122
380
147
385
134
323
251
239
121
278
255
156
398
221
181
295
22
265
261
195
162
248
126
51
143
193
175
273
11
296
194
253
140
49
129
362
146
363
286
281
142
330
10
218
176
260
195
0
448
338
314
166
298
264
127
262
128
356
234
141
27
199
114
383
11
361
181
344
138
343
212
111
375
191
316
117
329
152
313
199
1
408
107
353
149
429
103
381
150
216
137
311
179
282
351
127
357
176
318
201
176
345
118
460
209
206
339
168
49
178
360
215
396
138
396
296
237
196
172
32
188
140
58
221
320
287
251
166
317
153
227
85
18
245
111
376
176
395
132
270
163
226
147
408
166
55
18
329
21
122
422
202
357
283
123
187
219
171
289
154
122
462
335
144
277
122
467
127
70
29
19
119
269
216
161
492
283
195
104
484
10
38
101
3
231
213
229
214
181
362
268
134
325
192
350
223
117
421
107
414
191
99
183
17
155
144
288
13
303
165
391
154
333
110
443
103
495
241
151
474
163
405
13
354
19
409
129
493
211
364
288
101
189
182
314
294
200
309
199
276
198
270
198
383
14
490
105
431
116
63
126
260
121
310
23
210
0
95
189
173
445
310
276
179
408
240
197
131
484
202
376
219
103
218
10
207
107
78
232
184
216
154
415
111
496
306
244
205
159
111
7
111
344
150
417
189
186
179
273
247
15
262
133
266
219
270
104
59
122
497
1
280
132
452
147
434
208
141
415
199
309
241
229
147
485
280
189
385
175
390
152
64
183
18
413
145
119
416
142
348
213
421
20
401
174
285
162
384
22
375
301
107
240
152
29
276
197
188
180
109
307
153
499
23
216
175
427
254
194
259
125
349
206
38
224
115
443
251
39
178
368
201
191
286
128
378
342
193
189
429
193
255
187
247
242
23
100
87
110
459
186
328
145
327
27
223
123
305
174
289
17
129
300
208
192
394
158
478
185
372
306
272
450
154
452
26
204
318
310
289
269
154
457
238
125
369
242
231
141
426
314
289
269
347
247
175
60
246
234
201
250
207
228
11
447
278
126
359
203
365
229
207
308
117
441
108
33
183
332
177
317
190
366
322
25
201
453
2
197
419
255
196
342
236
334
292
112
46
202
39
193
387
133
466
134
367
16
446
124
458
119
483
136
116
307
249
103
237
134
449
240
220
147
93
15
302
151
5
23
146
437
178
446
137
412
120
266
10
284
178
230
244
122
312
205
397
245
124
8
104
65
135
389
268
147
31
144
293
159
279
262
239
17
134
48
326
219
395
258
2
35
108
82
138
468
115
444
146
325
128
431
18
42
193
412
376
301
190
441
238
198
392
245
186
418
125
44
128
225
297
296
247
185
266
315
109
379
169
402
165
71
151
210
293
247
39
330
194
30
249
155
383
115
67
119
252
214
213
429
25
24
234
220
188
370
181
362
301
225
331
15
440
195
108
250
239
183
216
328
180
135
407
253
169
458
154
218
131
41
114
79
109
442
160
423
163
363
35
246
194
400
21
202
402
214
367
18
450
302
192
442
238
213
76
200
32
103
492
331
313
23
173
453
201
258
132
25
145
471
171
81
249
159
86
229
21
257
140
234
417
310
301
27
108
264
243
388
332
284
212
127
29
117
91
189
278
159
9
202
454
261
220
215
415
237
223
199
382
356
281
156
416
207
36
249
162
244
166
57
102
97
246
202
369
26
128
248
220
391
199
497
190
491
174
31
210
470
313
327
102
274
180
335
114
98
130
75
263
37
235
218
160
494
194
420
35
258
141
373
266
315
308
240
371
269
407
26
156
424
243
440
238
379
216
435
327
115
288
104
287
280
13
465
352
209
142
167
121
408
390
10
329
313
339
317
256
217
114
248
166
30
250
145
25
33
224
180
463
149
89
135
303
289
137
329
150
428
253
60
33
296
291
143
317
290
110
340
260
218
346
107
261
105
374
136
341
222
151
265
15
331
326
283
237
229
34
259
133
59
220
74
215
469
262
25
333
284
230
330
248
176
401
244
221
354
237
294
27
165
98
287
223
498
207
54
22
406
274
26
2
391
216
446
226
393
244
40
375
201
267
230
348
207
261
249
192
451
28
343
157
66
259
218
498
326
194
430
204
209
405
212
192
317
118
476
212
6
169
307
283
293
101
323
309
370
310
149
315
109
270
14
292
270
193
84
264
218
63
260
243
482
180
390
110
365
229
431
297
138
332
473
22
438
172
355
187
358
225
456
254
91
297
341
23
174
455
198
467
21
394
247
74
294
152
441
242
403
219
77
22
349
252
241
361
23
18
490
228
117
415
268
433
2
459
297
463
235
437
187
89
206
482
216
69
234
87
260
25
322
120
385
239
86
291
324
258
248
360
245
240
381
262
405
328
276
250
176
350
305
24
423
188
399
230
433
221
379
257
249
410
228
194
288
156
425
377
280
208
471
205
41
258
360
30
380
133
335
130
285
267
347
259
358
278
217
134
62
257
256
44
242
42
400
240
53
20
444
17
93
274
406
305
125
3
257
393
353
217
165
315
118
83
160
384
176
366
348
255
153
304
199
52
16
88
136
489
270
2
488
336
264
475
289
139
43
172
472
317
2
306
283
365
294
189
312
301
3
29
222
475
32
272
489
318
132
252
150
353
289
219
255
398
246
399
147
353
307
294
196
374
282
369
306
220
77
223
327
157
370
326
317
255
467
385
301
365
195
8
302
239
373
280
413
249
424
280
328
289
249
80
203
64
425
379
141
401
315
292
424
309
432
226
439
317
315
418
329
236
67
206
9
216
27
199
271
252
18
232
172
344
324
3
361
328
308
257
67
23
214
422
274
32
7
266
477
167
409
231
183
405
360
16
90
252
218
79
156
376
328
287
281
207
286
224
455
229
364
307
187
318
14
322
178
298
198
310
153
376
132
493
289
394
329
259
410
29
41
261
455
374
33
481
197
331
220
364
339
107
303
21
76
270
486
287
43
279
186
468
415
31
260
479
184
456
275
23
252
218
79
265
484
299
387
306
231
404
285
271
389
379
22
354
322
244
349
284
249
83
230
278
68
226
483
447
316
16
285
255
99
371
330
293
127
336
275
249
373
328
46
320
0
347
279
193
412
209
89
336
310
206
352
250
398
317
362
118
401
355
344
230
446
307
203
339
291
41
151
4
380
16
349
112
429
300
299
423
259
397
384
216
343
213
6
267
358
200
73
343
226
406
34
295
333
179
493
326
446
414
362
210
96
282
356
335
187
327
300
44
334
325
214
474
308
78
371
360
291
4
329
26
449
256
45
258
45
26
319
277
476
279
381
116
418
363
358
275
258
62
296
210
296
214
319
108
400
31
424
370
139
449
355
22
400
318
253
431
348
486
3
495
392
359
341
104
353
352
327
330
14
392
39
365
235
381
239
392
163
418
370
161
498
402
250
453
349
270
58
260
400
34
323
125
371
100
405
367
89
379
272
92
28
461
30
427
385
319
204
398
337
304
23
431
388
296
218
351
283
47
294
460
354
143
91
328
7
275
499
262
433
38
195
397
386
320
186
57
265
65
294
360
439
410
358
292
432
384
254
479
269
34
142
452
370
172
380
283
480
304
261
386
381
374
328
424
372
268
311
144
431
419
38
369
311
383
293
201
48
366
122
428
273
94
308
340
298
200
335
473
288
384
452
42
323
243
487
323
296
252
71
373
341
134
400
379
305
324
319
277
341
265
75
284
430
233
434
406
345
256
373
200
427
4
394
369
361
342
314
429
304
499
347
396
264
303
238
486
191
397
268
391
258
285
37
321
421
295
438
279
497
217
490
317
385
330
302
245
444
37
339
356
109
368
310
292
438
312
337
166
35
15
371
162
475
374
3
62
374
42
35
262
361
346
189
41
15
415
343
31
473
307
66
404
363
154
334
167
472
426
373
207
386
232
495
400
187
350
127
469
306
297
491
266
353
123
405
175
290
491
357
409
27
212
398
114
429
10
37
202
447
333
246
52
484
407
375
209
63
286
273
39
373
246
281
221
429
18
415
393
487
401
389
157
449
422
325
296
457
322
463
445
351
479
369
159
406
350
258
331
233
453
352
137
394
375
315
473
414
409
138
338
158
364
46
340
3
96
296
477
38
45
329
270
60
345
258
458
11
455
376
353
178
77
457
36
310
61
188
457
375
464
345
271
442
321
330
92
323
303
27
6
342
279
302
27
373
278
39
228
293
246
97
293
449
424
206
416
125
5
324
19
408
13
359
318
28
97
341
496
338
307
95
444
387
355
308
413
369
306
494
398
199
490
331
385
350
286
337
214
403
192
473
1
472
385
113
8
351
391
266
428
305
409
237
356
231
441
323
454
271
487
422
336
33
90
292
54
348
58
309
432
10
453
431
223
424
210
34
174
352
186
459
314
69
306
82
31
84
381
419
119
418
109
382
284
324
236
490
363
196
421
35
336
440
409
341
53
360
470
206
77
46
111
484
415
174
433
390
299
88
371
262
442
415
307
399
299
9
365
247
405
198
334
194
485
340
94
442
429
22
445
405
237
84
413
3
353
287
454
389
245
378
224
478
325
438
337
281
404
150
475
392
347
482
349
319
334
450
339
49
211
61
362
31
385
130
430
248
419
129
406
369
479
39
27
459
116
97
354
182
430
355
417
131
477
396
323
7
358
451
298
377
469
155
36
140
402
329
323
487
45
359
437
35
67
383
304
397
273
445
432
365
284
333
280
423
281
475
447
372
36
441
387
443
266
499
391
488
359
491
414
411
392
5
415
390
322
342
55
368
133
461
350
378
69
375
385
250
366
290
98
433
405
240
43
252
385
284
416
245
412
244
37
220
480
398
264
344
316
426
42
420
12
454
138
435
372
87
427
24
53
373
60
355
365
292
320
275
57
410
169
497
186
484
14
434
135
457
40
373
81
251
37
297
57
446
35
353
313
455
383
71
401
30
467
39
32
92
331
497
205
57
455
144
49
332
465
280
45
413
357
65
333
301
457
259
411
137
418
145
83
310
72
352
296
324
451
388
385
327
423
282
439
247
75
472
419
283
430
252
406
105
66
406
466
445
442
146
461
396
375
410
239
485
353
471
215
346
20
67
482
256
57
455
147
361
274
499
457
329
354
340
410
68
393
490
382
349
403
407
181
402
198
34
471
14
91
401
310
455
187
54
385
366
333
476
441
395
37
326
361
329
408
181
433
417
251
456
44
420
158
494
401
339
496
377
409
366
81
376
65
347
51
425
416
336
474
365
326
421
395
485
41
25
78
454
151
46
325
48
423
320
92
370
210
50
436
390
394
203
81
449
427
365
441
407
224
479
197
469
230
98
440
305
468
421
405
294
449
436
118
436
44
215
87
443
307
418
154
428
41
352
440
337
93
306
69
225
451
446
378
62
408
263
65
371
382
385
447
404
244
474
219
447
275
434
249
418
312
443
353
96
357
426
196
481
36
65
425
119
476
140
73
440
372
437
260
435
117
449
439
303
407
265
428
407
333
56
419
319
67
495
220
60
361
47
428
425
337
356
408
31
494
41
9
427
72
387
6
446
386
345
386
402
216
96
370
343
454
241
62
235
477
115
481
402
288
431
348
424
268
65
438
494
412
396
379
346
208
444
394
342
394
382
483
122
65
441
155
8
396
393
79
393
99
398
415
45
431
351
456
126
496
193
45
102
9
476
180
59
318
456
13
463
37
56
463
439
345
389
461
165
441
19
6
487
455
343
46
408
429
404
302
433
223
442
159
478
402
460
104
487
133
493
421
252
77
492
361
99
446
407
63
409
404
4
464
424
492
107
65
491
444
171
468
467
412
490
212
442
198
445
397
89
444
229
483
310
488
39
355
487
202
48
195
464
437
267
5
42
481
259
451
402
439
424
68
117
99
314
56
499
183
55
499
18
49
385
449
234
496
310
55
392
76
344
442
286
69
323
489
41
431
379
58
176
453
166
494
160
86
440
53
381
467
425
373
421
276
72
460
190
5
456
327
64
463
449
278
433
308
426
29
60
413
4
83
406
59
364
93
395
411
399
380
379
401
68
240
497
47
452
149
97
463
71
7
46
410
82
415
49
445
66
251
493
457
385
49
45
15
49
229
98
75
217
89
111
60
49
370
39
417
392
456
466
154
8
421
289
469
431
53
438
59
468
120
462
444
33
83
420
91
473
304
405
417
75
428
57
172
47
195
478
413
84
433
337
450
44
322
479
344
74
415
441
291
86
499
199
493
457
447
87
72
208
87
132
7
136
81
80
409
421
404
58
184
95
459
341
490
281
93
40
53
110
9
71
146
462
152
92
384
90
45
198
74
52
248
464
371
79
182
53
261
43
359
426
324
60
499
338
74
306
70
467
108
51
130
56
183
60
18
82
43
390
400
370
453
61
465
89
24
82
204
80
458
193
86
85
62
373
432
405
437
345
471
336
65
313
59
302
5
480
399
454
368
290
449
3
416
481
304
498
385
97
482
287
475
474
260
81
100
488
1
84
72
416
483
353
430
386
5
16
435
93
65
317
496
93
71
176
98
93
150
61
479
373
442
63
5
199
78
67
322
58
426
414
419
418
429
483
53
26
54
471
346
98
93
177
50
491
470
400
54
490
402
53
317
57
405
59
434
284
60
274
68
67
339
95
49
41
449
35
441
397
65
329
478
441
422
425
432
486
269
493
457
488
381
63
61
261
466
318
96
288
460
38
8
473
363
70
5
455
83
66
364
81
359
47
219
491
167
475
214
484
254
9
188
51
249
452
365
84
279
487
238
56
62
493
459
366
437
476
280
70
174
467
181
94
463
469
472
493
487
497
60
410
478
468
163
450
388
50
498
419
44
90
78
401
81
372
9
193
91
82
240
87
292
82
51
456
481
89
352
466
370
492
194
491
23
467
407
8
406
8
77
493
39
450
480
350
482
413
484
468
301
50
69
60
48
409
67
41
89
499
354
98
13
83
134
478
249
9
23
93
334
71
228
80
461
477
142
95
84
383
423
45
242
491
253
63
242
6
57
426
446
84
413
499
396
87
30
485
359
98
301
86
440
480
421
52
335
52
348
97
473
412
479
392
94
57
471
439
427
475
226
7
213
77
172
54
201
79
258
494
294
71
415
48
80
68
73
45
42
443
91
438
489
58
469
92
46
418
55
487
59
457
494
412
495
293
83
435
94
235
54
377
486
298
9
98
456
63
431
49
78
459
91
81
387
99
353
53
6
275
80
69
89
70
499
59
466
490
46
85
441
495
86
479
76
47
349
7
323
88
175
95
52
54
95
306
76
360
76
67
439
464
380
90
265
80
309
79
331
87
482
475
90
486
477
426
451
444
436
485
375
74
57
79
434
376
491
290
96
390
478
449
6
499
64
498
441
96
48
485
67
66
483
88
42
454
47
474
411
93
66
472
80
43
65
59
473
61
419
492
493
415
493
87
94
373
7
457
63
486
77
0